48,9196960162827;24,7075765393904;1424188680
48,9196957648256;24,7075767070285;1424188682
48,9196957648256;24,7075767070285;1424188683
48,9197194856116;24,707498839148;1424188709
48,9197354531371;24,7074508946619;1424188711
48,919746894435;24,7074160259447;1424188713
48,919757539452;24,7073840908936;1424188719
48,9197789133051;24,707358693727;1424188722
48,9197899355077;24,7072180453918;1424188723
48,9197862055608;24,7070421930633;1424188724
48,9198430348643;24,7069344856075;1424188725
48,9199242974156;24,7067593038312;1424188726
48,9199992316299;24,7066226788095;1424188727
48,9200467151114;24,7065372672162;1424188728
48,9200928155788;24,7064605728022;1424188729
48,9201708091879;24,7064090240977;1424188730
48,9202141855368;24,7063209302953;1424188731
48,9202842582473;24,7062314953885;1424188732
48,9203112479755;24,7061223630092;1424188733
48,9203789737531;24,706034688302;1424188734
48,9204780059391;24,7059418168149;1424188735
48,9205198316359;24,7058968898139;1424188736
48,9205562090957;24,705833857902;1424188737
48,9205814805337;24,705783482664;1424188738
48,9206228033164;24,7057723347328;1424188739
48,9206454763645;24,7057428304336;1424188740
48,920685332314;24,7056888509772;1424188741
48,9207333187097;24,7056335304163;1424188746
48,9207637450182;24,7056182753525;1424188748
48,9207786228963;24,7055744379989;1424188751
48,9207940036887;24,7055481188229;1424188753
48,9207944646933;24,7055119090012;1424188755
48,9207778266155;24,7054828237972;1424188760
48,9207612304473;24,7054529004029;1424188762
48,9207479032212;24,7054173611335;1424188764
48,9207298402199;24,7053726855896;1424188766
48,9207105199331;24,705347372242;1424188767
48,9206974860736;24,7053116653345;1424188768
48,9206805965387;24,7052748687795;1424188769
48,9206629945421;24,7052281815789;1424188770
48,9206481585735;24,7051761299602;1424188771
48,9206459792786;24,7051243297986;1424188772
48,9206382260182;24,7050718590847;1424188773
48,9206219232165;24,7050172928951;1424188774
48,9204807300576;24,7048154566667;1424188775
48,9203224797257;24,7046807594827;1424188776
48,9203044167244;24,7046197392277;1424188777
48,9202473359638;24,7045430448136;1424188778
48,9202036243388;24,704440869414;1424188779
48,9201283548483;24,7043267078928;1424188780
48,920074710668;24,7041908372424;1424188781
48,9200424822503;24,7041442338607;1424188782
48,919991604098;24,7040433995656;1424188783
48,9200134389558;24,7039846424243;1424188784
48,91993343369;24,7039112169526;1424188785
48,9199260995248;24,7038433235369;1424188786
48,9198598824897;24,7037579957626;1424188787
48,9198492793822;24,7036670521132;1424188788
48,9198351558753;24,7036067024103;1424188790
48,9198029274577;24,7035812214247;1424188791
48,9197938330927;24,7035358753285;1424188793
48,9197785361194;24,7035014257065;1424188794
48,9197484869966;24,7034351248524;1424188795
48,9197188150593;24,7034057043723;1424188796
48,9196873829224;24,7033616993806;1424188797
48,9196597645515;24,7033187002174;1424188798
48,9196241833725;24,7032721806548;1424188799
48,9195981156537;24,7032380663089;1424188800
48,9195651328647;24,7031947318695;1424188801
48,9195310604283;24,703146033012;1424188802
48,919482864485;24,7030516527823;1424188803
48,9194474928537;24,7029885370514;1424188804
48,9194249455341;24,7028900496892;1424188805
48,9193786774286;24,7028333880237;1424188806
48,9193206327492;24,7027690988264;1424188807
48,9192576008373;24,7026762273393;1424188808
48,9191799844139;24,702641274803;1424188809
48,9191397931882;24,7025867924324;1424188810
48,919123280839;24,7025444638214;1424188811
48,9190729475104;24,7024733014635;1424188812
48,919012220622;24,7024725470922;1424188813
48,9189469255963;24,702448155754;1424188814
48,9189054770851;24,7023881413273;1424188815
48,9188492764243;24,702369030588;1424188816
48,9187841071272;24,70236366617;1424188817
48,9187673014113;24,7023216728351;1424188818
48,9187446702727;24,7022983711443;1424188820
48,9187521301666;24,7022541985146;1424188821
48,9187818021038;24,7022517677627;1424188822
48,9188380865836;24,702239362546;1424188823
48,9188514138096;24,7021827008805;1424188825
48,9188823011228;24,7021878138415;1424188827
48,9188483125054;24,702154956781;1424188829
48,918824717448;24,7021596506468;1424188832
48,9188335603559;24,7021966986588;1424188836
48,9188452112013;24,7022268735102;1424188845
48,9188312553325;24,7022532765052;1424188860
48,9188081631893;24,7022570483617;1424188872
48,9187818859228;24,7022326570234;1424188874
48,918738761031;24,7022009734294;1424188875
48,9186875476026;24,7021668590835;1424188876
48,9186349092507;24,7021276317767;1424188877
48,9185866713979;24,7020899132124;1424188878
48,9185345359602;24,7020502668104;1424188879
48,9184880583071;24,7020126320652;1424188880
48,9184474060768;24,7019812837473;1424188881
48,9184180275061;24,7019551322094;1424188882
48,9183935523489;24,7019384522221;1424188883
48,9183597313696;24,7019242868057;1424188885
48,9183602342838;24,7019624244652;1424188888
48,9183694962868;24,7020183317593;1424188890
48,9183636708641;24,7020606603703;1424188891
48,9183445182153;24,7021164838455;1424188892
48,9183235634574;24,7021770011864;1424188893
48,9182939334297;24,7022426314882;1424188894
48,9182620402881;24,702310943999;1424188895
48,9182285126754;24,7023819387189;1424188896
48,9182118326881;24,7024608962468;1424188897
48,9181941049629;24,7026574518762;1424188898
48,9181815321082;24,7027716133974;1424188899
48,9182627946594;24,7029325459382;1424188900
48,9182376070404;24,7030578553907;1424188901
48,9182159398207;24,7031830810241;1424188902
48,9181649778494;24,7032798081867;1424188903
48,9182290994086;24,7033445164791;1424188904
48,9182055043512;24,7034733463309;1424188905
48,9182316977986;24,7036461811743;1424188906
48,9182404149779;24,7038006596497;1424188907
48,9181892434591;24,7039356921098;1424188908
48,9181761257806;24,7040599957339;1424188909
48,9179799473369;24,7041669488183;1424188910
48,9179414324918;24,7042727284364;1424188911
48,9177816734173;24,7044008039168;1424188912
48,9177053980985;24,7045381833098;1424188913
48,9173890231633;24,7046139557145;1424188914
48,9173124125683;24,7047351580343;1424188915
48,9172750711897;24,7048016265265;1424188916
48,9172619954207;24,7049241699508;1424188917
48,9171978738614;24,7049949970326;1424188918
48,9171520667606;24,70505928623;1424188919
48,9171291003459;24,7051339689872;1424188920
48,9171496360087;24,705175543227;1424188921
48,9171849657306;24,7051821649305;1424188922
48,9171496779182;24,7052037902406;1424188923
48,917126753413;24,7052097413919;1424188925
48,9171472890758;24,705233797454;1424188926
48,9171143062868;24,7051879484437;1424188928
48,9171202574381;24,7052230686179;1424188930
48,9171039127269;24,7052638046674;1424188933
48,9170771325463;24,7052850947014;1424188936
48,9170520287463;24,7052737791321;1424188938
48,9170298167029;24,7052644752196;1424188939
48,9169866499015;24,7052744496844;1424188941
48,91694955998;24,7052816581211;1424188943
48,9169251267322;24,7052886151007;1424188944
48,9168956643426;24,7052985057465;1424188945
48,9168648189389;24,7053068038306;1424188946
48,916841265791;24,7053100727729;1424188947
48,9168260107272;24,7053612862012;1424188949
48,916847845585;24,7054086439542;1424188950
48,9168454986521;24,7054534033171;1424188951
48,9168303693169;24,7055024374506;1424188952
48,9167946204999;24,7055423353097;1424188953
48,9167761803129;24,7055740189037;1424188954
48,9167427365192;24,7055939678333;1424188955
48,9167160401576;24,7056015953652;1424188956
48,9166801237025;24,7056017630032;1424188957
48,9166445844331;24,7055918723575;1424188958
48,9166117273727;24,7055814787976;1424188959
48,9165859111109;24,7055635415248;1424188960
48,9165631542438;24,705569408857;1424188962
48,9165359968775;24,7055590991161;1424188964
48,9165113540822;24,7055372223488;1424188966
48,9164865855583;24,7054850030921;1424188968
48,9164770301887;24,7054335382066;1424188970
48,9164993260511;24,7054621204964;1424188979
48,916505654388;24,7054989170513;1424188984
48,9165289979884;24,7055109869919;1424188993
48,9165619807773;24,7055039461932;1424189021
48,916583564178;24,7055131662867;1424189022
48,91660590195;24,7055267449698;1424189023
48,9166323049449;24,7055512201271;1424189024
48,9166485658371;24,7055754438273;1424189025
48,9166729990848;24,7056490369371;1424189027
48,9166842308351;24,7057023458413;1424189028
48,9166973904231;24,7057766095034;1424189029
48,9167046407693;24,7058644518486;1424189030
48,9167084964448;24,7059607599161;1424189031
48,9167134417676;24,7062635142586;1424189032
48,9166787406885;24,7063619178019;1424189033
48,9166594204017;24,7064671106867;1424189034
48,9166242583179;24,7065430507294;1424189035
48,9165740088084;24,7066251933805;1424189036
48,9164862921917;24,7067330684743;1424189037
48,9163050754451;24,7068098467073;1424189038
48,9162628725627;24,706933144503;1424189039
48,916192464576;24,7070303745798;1424189040
48,9161323244208;24,707136573293;1424189041
48,9161167759904;24,7072076518319;1424189042
48,9160785964214;24,7073812410466;1424189043
48,916040542581;24,7075243201337;1424189044
48,9159850124725;24,7075820714465;1424189045
48,9159009419837;24,7076658904783;1424189046
48,9158217329987;24,7077834885798;1424189047
48,9157024166071;24,7079747636101;1424189048
48,915630751335;24,7080660425357;1424189049
48,9155691443467;24,7081400547407;1424189050
48,9155232115173;24,7082706447921;1424189051
48,915450959512;24,7083884943507;1424189052
48,9153344091484;24,7084837965897;1424189053
48,9152742270836;24,708579769381;1424189054
48,9152575051868;24,7086798493049;1424189055
48,9152429625847;24,7088047396622;1424189056
48,9151901985043;24,7089091781757;1424189057
48,9151259512165;24,7090216633163;1424189058
48,9150263742068;24,7091167140982;1424189059
48,9149413817086;24,7092187218598;1424189060
48,914873655931;24,7092975955687;1424189061
48,9148529107207;24,7093921434364;1424189062
48,9147910522753;24,7094261739633;1424189063
48,914790297904;24,709473028802;1424189064
48,9147779765063;24,7095277626298;1424189065
48,9147529565253;24,7094980906925;1424189067
48,9147327980482;24,7094555944434;1424189069
48,9146965044075;24,7094811592481;1424189071
48,9146765135684;24,7095188778124;1424189072
48,9146697661364;24,7095698397837;1424189074
48,9146600012192;24,7096048761389;1424189077
48,9146595402145;24,7096435167125;1424189080
48,9146630606138;24,709692383208;1424189082
48,9146680059367;24,7097259946398;1424189083
48,9146729931691;24,709800509759;1424189085
48,9146650303611;24,7098331153623;1424189086
48,9146587020242;24,7098803054771;1424189088
48,9147134358519;24,7099304292581;1424189090
48,914762595714;24,7099594306431;1424189091
48,9149392443233;24,7099925391606;1424189092
48,9150076825627;24,7100508772067;1424189093
48,9150442276606;24,7101219557456;1424189094
48,9151132107237;24,710160177224;1424189095
48,9151725545981;24,7102030925683;1424189096
48,9152692817607;24,7102247178785;1424189097
48,9153588004866;24,7102590836815;1424189098
48,9154637838238;24,7102967184267;1424189099
48,9155837707677;24,7103161644421;1424189100
48,9156978484699;24,7103584092341;1424189101
48,9157991437697;24,7104180883846;1424189102
48,9159053005734;24,7104739118598;1424189103
48,9168595383399;24,7108899057142;1424189113
48,9169534994745;24,7109163925282;1424189113
48,9170658588865;24,7109552007399;1424189114
48,9171702974;24,7109567094824;1424189115
48,917260235221;24,7109412867806;1424189116
48,9173463592761;24,7109624091766;1424189117
48,9174268255466;24,7109411191425;1424189118
48,9174867142447;24,7109375987432;1424189119
48,9175261091896;24,710918655642;1424189120
48,9175774064371;24,71092921684;1424189121
48,9176473115095;24,7109432984374;1424189122
48,917710636788;24,7109469026557;1424189123
48,9177501993709;24,7109640855572;1424189124
48,9177937014484;24,7109658457569;1424189125
48,917851997585;24,7109804302684;1424189126
48,9179012831756;24,7109708748988;1424189127
48,9179530414277;24,7109626606337;1424189128
48,9179794444227;24,7109860461435;1424189130
48,9180124272117;24,7109931707612;1424189131
48,9180590305933;24,7109997924647;1424189132
48,9180912171015;24,7110073361776;1424189133
48,918111166031;24,7110311407826;1424189134
48,9181561768511;24,7110706195465;1424189135
48,9181821188414;24,7110648360334;1424189140
48,9181886567258;24,7110184841088;1424189149
48,9182116650501;24,7109763231359;1424189151
48,9182346733743;24,7109361738197;1424189153
48,9182071388223;24,7108800150684;1424189156
48,9182226872527;24,710907926806;1424189158
48,9182517724567;24,7109374311051;1424189161
48,9182713022911;24,7109562065682;1424189163
48,918294855439;24,7109691985182;1424189164
48,9183199173295;24,7109769098691;1424189166
48,9183509303712;24,7109686117849;1424189168
48,9183914987826;24,7109578829489;1424189170
48,9184251521238;24,7109275404594;1424189172
48,9184637507879;24,7109074238918;1424189174
48,9184923330778;24,7108953539512;1424189175
48,9185253577762;24,7108969465128;1424189176
48,9185599750363;24,7108941804848;1424189177
48,918590904259;24,7108889837048;1424189178
48,9186231326767;24,7108909953616;1424189179
48,9186500804954;24,710897365608;1424189180
48,9186918642827;24,7109008021883;1424189182
48,9187156688878;24,7109116148434;1424189183
48,9187445445442;24,710963415005;1424189185
48,9187502023288;24,7109999601028;1424189186
48,9187730849245;24,7110577952347;1424189187
48,9187807962754;24,7111106012247;1424189188
48,9187918603876;24,7111606411866;1424189189
48,9188095462033;24,7112110164247;1424189190
48,918833811813;24,7112551052353;1424189191
48,9188543474757;24,7112908959619;1424189192
48,9188688062587;24,7113227471939;1424189193
48,9188963827201;24,7113453783325;1424189194
48,9189198101395;24,7113831807158;1424189195
48,9189466322296;24,7114200610898;1424189196
48,9189690119111;24,7114680893949;1424189197
48,9189928165161;24,7115247510604;1424189198
48,9190081973084;24,7115916386477;1424189199
48,9190195966968;24,7116613760821;1424189200
48,9190338040226;24,7117423452667;1424189201
48,9190397970834;24,7118249070129;1424189202
48,9190496877291;24,7119073011211;1424189203
48,9190673735448;24,7121099755398;1424189204
48,9190649008834;24,7122238017849;1424189205
48,9190523699382;24,7123590857021;1424189206
48,9190497296387;24,7124602552733;1424189207
48,9190265536764;24,7125255502991;1424189208
48,919033426837;24,7125979699425;1424189209
48,9190580696323;24,7126903385154;1424189210
48,9190843468988;24,7127495985708;1424189211
48,91903489367;24,7128624189875;1424189212
48,9189426508256;24,7130025644085;1424189213
48,9188683033445;24,7131717950336;1424189214
48,9189120568791;24,7133059054843;1424189215
48,9189436985635;24,7134336456887;1424189216
48,9189341012844;24,7135607991598;1424189217
48,9189328020894;24,7136742063097;1424189218
48,9189294074186;24,713785937079;1424189219
48,9189720293963;24,7138925548873;1424189220
48,9190107956984;24,7139807325087;1424189221
48,9189758012527;24,7139658965401;1424189222
48,9189502783575;24,7139923833541;1424189223
48,9189703111061;24,7140350472412;1424189224
48,9189746696958;24,7140839137367;1424189227
48,9189627254837;24,7141170222542;1424189234
48,9189710235679;24,7141646314643;1424189238
48,9189923136019;24,7142034396759;1424189240
48,9190199319729;24,7142320219657;1424189242
48,9190590335512;24,7142690699778;1424189244
48,9190881187552;24,7142989933721;1424189245
48,91911280346;24,7143239714435;1424189246
48,9191449061492;24,7143554035804;1424189248
48,9191726083392;24,7143740114055;1424189250
48,9192020288193;24,7143657971404;1424189253
48,9191858098366;24,7143301740519;1424189257
48,9191559283518;24,7143180202923;1424189259
48,9191134321028;24,7142863366983;1424189261
48,9190908009642;24,7142683156065;1424189262
48,9190574828991;24,7142414096973;1424189264
48,9190503163719;24,7142783738903;1424189270
48,9190693432921;24,7143104765794;1424189272
48,9190807426804;24,7143441718302;1424189275
48,9191030804523;24,7143673058829;1424189281
48,9191249572196;24,7143745143197;1424189290
48,9191506896624;24,7143933736018;1424189293
48,9191760030099;24,7144059464566;1424189297
48,9191993885198;24,7144056949995;1424189300
48,919221097649;24,7143898532025;1424189303
48,9191998495245;24,7143704910061;1424189309
48,9191778051191;24,7143788729093;1424189311
48,9191666990974;24,714409634494;1424189313
48,9191389130884;24,7144296672425;1424189315
48,9191056788423;24,7144331038228;1424189317
48,919076970824;24,7144196089587;1424189319
48,9190504840099;24,7144012525908;1424189321
48,919028146238;24,7143828124038;1424189323
48,9190560998851;24,7143655456833;1424189327
48,9190764260003;24,7143427469066;1424189329
48,9191004401528;24,7143344488225;1424189331
48,9191260049575;24,7143223788819;1424189334
48,9191571018183;24,7143413219831;1424189337
48,9191770507478;24,7143690660826;1424189339
48,9192005619862;24,7143634502075;1424189342
48,9192284318143;24,7143774479858;1424189345
48,9192429744163;24,7144381329647;1424189347
48,9192490512961;24,714486328908;1424189348
48,9192323293993;24,7145559825233;1424189349
48,9192288509094;24,7146335989467;1424189350
48,9192221872964;24,7149516921721;1424189351
48,9192245761388;24,7150525264672;1424189352
48,9192428486877;24,7151953540973;1424189353
48,9191969996774;24,7153501678488;1424189354
48,9191476302677;24,715511770942;1424189355
48,919102242262;24,7156313807002;1424189356
48,9190841373512;24,7157817520431;1424189357
48,9190555550614;24,7159176226935;1424189358
48,919044155673;24,7160763759396;1424189359
48,9190282719665;24,7162098158381;1424189360
48,9190019947001;24,7163580917052;1424189361
48,9189447463014;24,716484406986;1424189362
48,9189102966794;24,716624552407;1424189363
48,9188736677625;24,7167659551135;1424189364
48,9188045589709;24,7169146500758;1424189365
48,91876914543;24,7170225251696;1424189366
48,9187534293615;24,7171230241886;1424189367
48,9187528426283;24,717216482409;1424189368
48,9187393896737;24,7172901593379;1424189369
48,9187300857612;24,7173536941639;1424189370
48,9187531779044;24,717390909814;1424189371
48,9187643677452;24,7174429614327;1424189372
48,9188011643001;24,7174794227115;1424189373
48,9188297465899;24,7175213322274;1424189375
48,9188286569425;24,7175560333065;1424189376
48,9187964285248;24,7175499145172;1424189378
48,9187842747652;24,717586375796;1424189383
48,9187636133739;24,7176173050187;1424189386
48,9187366655552;24,7176229208938;1424189389
48,9187274873712;24,717671033018;1424189391
48,918721703858;24,717707913392;1424189392
48,9187161718019;24,7178066522113;1424189394
48,9187141182357;24,7178777307502;1424189395
48,918707161256;24,717951156222;1424189396
48,9186522178807;24,7181139327816;1424189397
48,9186251443335;24,7181966621659;1424189398
48,9186256891572;24,7183055430881;1424189399
48,9186498709479;24,7183960676423;1424189400
48,9186538523519;24,7184866760156;1424189401
48,9186216658437;24,7185731772564;1424189402
48,9186282037282;24,7186622768871;1424189403
48,9186116494694;24,7187563218407;1424189404
48,9186000405335;24,7188546415649;1424189405
48,9185647108116;24,7189498599849;1424189406
48,9185981965148;24,7190284822366;1424189407
48,9185773674854;24,719124455028;1424189408
48,9185762359285;24,7191957850239;1424189409
48,9185903594353;24,7192770056657;1424189410
48,9185659261876;24,7193575557552;1424189411
48,9185526827806;24,7193931788436;1424189412
48,9185375953549;24,7194403689585;1424189413
48,9185328595796;24,7194970306239;1424189414
48,9185638307118;24,7195834480456;1424189415
48,9185446361535;24,7196846176169;1424189416
48,9185557002657;24,7197601385645;1424189417
48,9185525151425;24,7198682651154;1424189418
48,9185421634921;24,7199811693511;1424189419
48,918532566213;24,7200579475842;1424189420
48,918510060803;24,7201617155454;1424189421
48,9185193647155;24,720276966714;1424189422
48,9184992481479;24,7204022761665;1424189423
48,9184814366036;24,7205466125391;1424189424
48,9184554527038;24,7206870094172;1424189425
48,9184291754374;24,7208283283047;1424189426
48,9183664788016;24,7209838964275;1424189427
48,9183117030644;24,7211474273584;1424189428
48,9182449412056;24,7212701384208;1424189429
48,9181990502858;24,7213991359106;1424189430
48,9181945659676;24,7215123754225;1424189431
48,9181390358591;24,721638020151;1424189432
48,9181153569826;24,7217791714004;1424189433
48,9180892054447;24,721867851936;1424189434
48,9180289814704;24,7219450492642;1424189435
48,9180398779446;24,7220287006579;1424189436
48,9180237846905;24,7220816742859;1424189437
48,9180030813896;24,7221729532114;1424189438
48,9179923106441;24,7222283575914;1424189439
48,917980198794;24,7222895454846;1424189440
48,917952496604;24,7222944069884;1424189441
48,9179637283542;24,7223385796181;1424189442
48,9179436956057;24,7223607916615;1424189443
48,917916747787;24,7223814111433;1424189446
48,9179100841739;24,7224184591553;1424189447
48,9179451624387;24,722444107779;1424189448
48,9179602079549;24,7224173695079;1424189456
48,9179855213025;24,722420303174;1424189458
48,9179913467252;24,7224804014198;1424189463
48,9179842221075;24,7225266695253;1424189464
48,9179781871372;24,7225886117897;1424189465
48,9179669972965;24,7226667311273;1424189466
48,9179154066825;24,7228735964976;1424189467
48,9179119701022;24,7229706589363;1424189468
48,9178960863956;24,723054394149;1424189469
48,9178765565613;24,7231677174798;1424189470
48,9178483933666;24,7233030852161;1424189471
48,9178629359686;24,7234183363847;1424189472
48,9178486867332;24,723517075204;1424189473
48,9178410172918;24,7236904129616;1424189474
48,9178418135726;24,723834162601;1424189475
48,9178130217352;24,7239500005028;1424189476
48,917808537417;24,7241026349596;1424189477
48,9177951682815;24,7242687642805;1424189478
48,9177630655923;24,7243950795613;1424189479
48,9177320944601;24,7245478816561;1424189480
48,9177276101419;24,7247075569115;1424189481
48,9177045179987;24,7248772066317;1424189482
48,9176737145045;24,7250493709228;1424189483
48,9176424080961;24,7252377122871;1424189484
48,9176057791793;24,7254349384687;1424189485
48,9175419090771;24,7256332542978;1424189486
48,9175144164347;24,7258046642176;1424189487
48,9174670167723;24,7260049078844;1424189488
48,9174404880487;24,7262019664279;1424189489
48,9174010931038;24,7263658326349;1424189490
48,9173757378467;24,7265494801334;1424189491
48,9173417492294;24,7267661523304;1424189492
48,9171995502421;24,7275894228599;1424189496
48,9171224367329;24,7277941927544;1424189497
48,917109444783;24,7280298080526;1424189498
48,9170796890267;24,7282585501901;1424189499
48,9170161122912;24,7284737136445;1424189500
48,9170029946127;24,7287212312452;1424189501
48,9169894159296;24,7289684973887;1424189502
48,9169760887035;24,7291864268712;1424189503
48,916940381796;24,7294254787497;1424189504
48,916886192792;24,7296550590775;1424189505
48,9168414753386;24,7298765927783;1424189506
48,916838667401;24,730086978548;1424189507
48,9168085763686;24,7303105239055;1424189508
48,9167896332675;24,7305433731756;1424189509
48,9167400962197;24,7307493165366;1424189510
48,916690559172;24,7309633903436;1424189511
48,9166644914531;24,7311721835516;1424189512
48,9166470570945;24,7313649673245;1424189513
48,9166140743055;24,7315367963395;1424189514
48,9165824745306;24,7317024227462;1424189515
48,9165980648705;24,7318915184818;1424189516
48,9166043093884;24,73206133584;1424189517
48,9165722066992;24,7322033252797;1424189518
48,9165559877166;24,7323471587382;1424189519
48,9165144972959;24,7324823588363;1424189520
48,9165108092585;24,7325916588537;1424189521
48,9164894354054;24,7326987795762;1424189522
48,9164611464822;24,7327989433191;1424189523
48,9164687321046;24,7328846063695;1424189524
48,91645268076;24,7329851053885;1424189525
48,9164244337463;24,7330514062426;1424189526
48,9163904451289;24,7331296093992;1424189527
48,9163665986144;24,7332369815789;1424189528
48,9163800934785;24,7332753706954;1424189529
48,9164027665266;24,7333195433251;1424189530
48,9163913671383;24,7333731036864;1424189531
48,9163647545957;24,7334366385124;1424189532
48,9163260302031;24,7334432602159;1424189533
48,9162828214922;24,7334496304623;1424189535
48,9163159719193;24,7334365546934;1424189536
48,9163027704218;24,7334020212523;1424189537
48,9162807679259;24,7333860118172;1424189546
48,9162618667343;24,7333610337458;1424189548
48,916253317193;24,7334305197231;1424189552
48,9162496710652;24,7334817331515;1424189553
48,9162446419233;24,7335411608449;1424189554
48,9162290096738;24,7336900234453;1424189555
48,9162064204448;24,7337767761431;1424189556
48,9162011817553;24,73385841588;1424189557
48,9161762455934;24,7339352779321;1424189558
48,9161814423734;24,7340030037097;1424189559
48,9161368506485;24,7340400517217;1424189560
48,916158098773;24,734098808863;1424189561
48,9161186200091;24,7341567278139;1424189563
48,9161117468485;24,7341909259788;1424189564
48,9160864754104;24,7341748327247;1424189567
48,9160687895947;24,7342003137104;1424189585
48,9160808176258;24,7341667022786;1424189589
48,9160689991423;24,7341350186847;1424189593
48,9160769619503;24,7341682948402;1424189600
48,9160746569269;24,7342048399381;1424189605
48,9161020657503;24,7342143953077;1424189615
48,916109106549;24,7342490963868;1424189619
48,9160954021373;24,7343021538339;1424189621
48,9160851343059;24,7343523614339;1424189623
48,9160752436602;24,7343890741698;1424189625
48,9160609106057;24,7344260383628;1424189628
48,9160890738004;24,7344408743314;1424189631
48,916113171772;24,7344498429678;1424189644
48,9161233138749;24,7344797663621;1424189652
48,9161174046331;24,7345252800963;1424189654
48,9161258284458;24,7346131224416;1424189656
48,9161293488451;24,7346834466092;1424189657
48,9161285106548;24,7348769847534;1424189658
48,9161276724645;24,7349936608455;1424189659
48,9161190391042;24,7350876219801;1424189660
48,9161036583119;24,7351785656295;1424189661
48,9160982100749;24,7352833394192;1424189662
48,9160765847647;24,7353967465691;1424189663
48,916052235336;24,7354915458939;1424189664
48,9160539536261;24,7355993371687;1424189665
48,9160770457693;24,7357359621904;1424189666
48,9160565101066;24,7358521353684;1424189667
48,9160447754421;24,7360013332448;1424189668
48,9160177857139;24,7361404728375;1424189669
48,9159926400044;24,7362542152635;1424189670
48,9159472519987;24,7363832965724;1424189671
48,9159110002675;24,7365319915346;1424189672
48,9158689650231;24,7366604861102;1424189673
48,9158592001059;24,7367743123553;1424189674
48,9158709766799;24,7369173914424;1424189675
48,9158292348021;24,7370357439152;1424189676
48,9158121776291;24,7371690161757;1424189677
48,9158234931984;24,7373134363673;1424189678
48,9157638140478;24,737447546818;1424189679
48,9156949986228;24,7375687491379;1424189680
48,915665033319;24,7376808151833;1424189681
48,9156625606575;24,7378049511693;1424189682
48,9156239200839;24,7378963139139;1424189683
48,9155960921654;24,738023551204;1424189684
48,915597768546;24,7381342761449;1424189685
48,915579328359;24,7382346913449;1424189686
48,9155485667744;24,7383474279425;1424189687
48,9155193558418;24,7384539619319;1424189688
48,915488175162;24,7385449894003;1424189689
48,9154779492402;24,7386723943285;1424189690
48,9155059447968;24,7387584764741;1424189691
48,9155176375517;24,7388461511813;1424189692
48,9155012928405;24,7389122843973;1424189693
48,9154911926472;24,7389439679913;1424189694
48,9154575393059;24,7389436327151;1424189695
48,9154046494969;24,7389661800347;1424189698
48,9154275320926;24,7389389388494;1424189699
48,9154054457777;24,7389185708247;1424189700
48,9153629914382;24,7388868872307;1424189701
48,9153878437811;24,7388794273368;1424189705
48,9154108940148;24,7388899047158;1424189710
48,9153990336218;24,7389585525028;1424189732
48,9154064935156;24,7390294634036;1424189733
48,915433902339;24,7391820978604;1424189734
48,9154568687537;24,7392996959619;1424189735
48,9154306333968;24,739416455873;1424189736
48,915454940916;24,7395579423986;1424189737
48,9154772786879;24,7396664042256;1424189738
48,9154591737771;24,7397513967238;1424189739
48,9154865406909;24,739839322888;1424189740
48,9155072020822;24,7399601899318;1424189741
48,9155071601727;24,7400774527572;1424189742
48,9155304618635;24,7401939612112;1424189743
48,9155702759036;24,7403195221207;1424189744
48,9156230818936;24,7404087055705;1424189745
48,9156836830535;24,740489339479;1424189746
48,9157323400014;24,7405540477715;1424189747
48,9157965453797;24,7406485956393;1424189748
48,9158513630265;24,7407277208052;1424189749
48,9159285603547;24,7407888248793;1424189750
48,9159985492461;24,7408687882356;1424189751
48,9160669874855;24,740957049676;1424189752
48,916107807354;24,7410279605768;1424189753
48,9161616191723;24,7411100194089;1424189754
48,916241205343;24,7412099316947;1424189755
48,9162595617109;24,7412484884493;1424189756
48,9162897365623;24,7412888054035;1424189757
48,9163383516007;24,7413391806416;1424189759
48,9163939236187;24,7413862869374;1424189760
48,9164525969409;24,7414175514362;1424189761
48,9165199874424;24,7414516657821;1424189762
48,91660330356;24,7414867021374;1424189763
48,9166863263109;24,7415286116532;1424189764
48,9167453349092;24,7415533382676;1424189765
48,9167788625219;24,7415508236966;1424189767
48,9168079058164;24,7415744606636;1424189768
48,9168773079747;24,7416048031531;1424189769
48,9170039166221;24,7416327148906;1424189770
48,9169768849843;24,7416300326816;1424189771
48,9169830037736;24,7416768037013;1424189772
48,9170530764842;24,7416911367557;1424189773
48,9170873584681;24,7416968364499;1424189774
48,9171719737806;24,7417114209614;1424189775
48,9172446029716;24,7417223174355;1424189776
48,9173775818654;24,7417544201247;1424189777
48,9174618199923;24,7417795658342;1424189778
48,9176010014945;24,7418489679925;1424189779
48,9176698169195;24,7418939788125;1424189780
48,9178296179035;24,7419812344245;1424189781
48,9179136883923;24,7420082241527;1424189782
48,9180180849963;24,742043428146;1424189783
48,9181301091322;24,7420611977808;1424189784
48,9181861002454;24,7420833260051;1424189785
48,9182124613309;24,7420783806823;1424189786
48,9182694163629;24,7420809790722;1424189787
48,9183560014227;24,7421092260859;1424189788
48,9184333244794;24,7421082202576;1424189789
48,9185292553612;24,7421656362943;1424189790
48,9185595978507;24,7422055341534;1424189791
48,9186286647328;24,7422206215791;1424189792
48,918728116014;24,7422499582402;1424189793
48,9187978115388;24,7422840725861;1424189794
48,9189204387822;24,7423539776585;1424189795
48,9189584507131;24,7424135729901;1424189796
48,9190383302503;24,7424512077353;1424189797
48,9190614643031;24,7425169218562;1424189800
48,9190924354353;24,7425511200211;1424189801
48,919108738237;24,7425958793841;1424189802
48,9191275975191;24,742619348713;1424189805
48,9191631367886;24,7426692210368;1424189807
48,9191104146176;24,7426175046943;1424189808
48,9190892922216;24,742601076164;1424189811
48,9190571895325;24,7425657045327;1424189817
48,919029529252;24,7425393015377;1424189819
48,9190012403288;24,7425134852759;1424189821
48,9189767651715;24,7424915246896;1424189822
48,9190036710807;24,7425091266863;1424189830
48,9190300740757;24,7425274830542;1424189832
48,919059829832;24,7425325960151;1424189833
48,9191226102867;24,7425473481647;1424189834
48,9192439802447;24,7425858211003;1424189835
48,9193368936413;24,7425762657307;1424189836
48,9193920884737;24,7425630223236;1424189837
48,9195334492707;24,7426038421921;1424189838
48,9196687750974;24,7426400520138;1424189839
48,919815793679;24,7426998988024;1424189840
48,9199061505952;24,7427406348518;1424189841
48,9200344356233;24,7427792754255;1424189842
48,9201126387798;24,7427869867764;1424189843
48,9202114195087;24,7428133897714;1424189844
48,9203315321812;24,7428501863263;1424189845
48,920485801109;24,742907602363;1424189846
48,9205233939448;24,7429506015263;1424189847
48,9206165587985;24,7429558821253;1424189848
48,9207008388349;24,7429860569767;1424189849
48,9208012121254;24,7430204227797;1424189850
48,9209213247978;24,7430365160338;1424189851
48,9210110111618;24,7430484183363;1424189852
48,9211138571137;24,7430698760084;1424189853
48,921215110504;24,7430837899677;1424189854
48,9213106222906;24,7430923395089;1424189855
48,9214109955811;24,743108265125;1424189856
48,9215189125844;24,7431308124445;1424189857
48,9216191182369;24,7431293037019;1424189858
48,9217231795647;24,743140032538;1424189859
48,9218138298475;24,7431284655116;1424189860
48,9218581701153;24,7431405354522;1424189861
48,9219325175964;24,7431325726442;1424189862
48,9219989860886;24,7431061696492;1424189863
48,9220800390923;24,743116227933;1424189864
48,9221831365013;24,7431143000952;1424189865
48,9222804503971;24,7431185748659;1424189866
48,9223804465019;24,7431467380605;1424189867
48,9224841725537;24,7431688662849;1424189868
48,9225659380191;24,7431940958134;1424189869
48,92264896077;24,7432005498789;1424189870
48,9227206260421;24,7432124521814;1424189871
48,9227917464906;24,7432160563997;1424189872
48,9228580473446;24,7432065848492;1424189873
48,9229639107817;24,743237849348;1424189874
48,9230302954548;24,7432441357754;1424189875
48,9231466781804;24,7432460636131;1424189876
48,9232374961012;24,7432478238128;1424189877
48,9233409706959;24,743259055563;1424189878
48,9234143961677;24,7432056628398;1424189879
48,9234685013526;24,7432033159069;1424189880
48,9235388674298;24,7432077583156;1424189881
48,9236331219309;24,7432329040251;1424189882
48,9237067988598;24,7432321496538;1424189883
48,9238481177473;24,7432229295603;1424189884
48,9239335293406;24,7432059981159;1424189885
48,923992873215;24,7431820258729;1424189886
48,9240326872551;24,743158472725;1424189887
48,9241222478905;24,7431629151336;1424189888
48,9241552306795;24,7431474924318;1424189889
48,9241968049192;24,7431495879076;1424189890
48,9241459686765;24,7431174013994;1424189893
48,9241714077526;24,7431125398956;1424189900
48,9241584996217;24,7430841252438;1424189913
48,9242263092184;24,7430624999336;1424189928
48,9242784865656;24,7430571355156;1424189929
48,9243671251917;24,7430647630475;1424189930
48,9244171232441;24,743073983141;1424189931
48,924468378582;24,7430734802268;1424189932
48,9245802350798;24,7430821974061;1424189933
48,9246481284955;24,7430747375123;1424189934
48,9246906247446;24,7430500108979;1424189935
48,9247531956517;24,743042299547;1424189936
48,9248296805182;24,7430386953286;1424189937
48,92489790921;24,743021177151;1424189938
48,9249738073432;24,7430245299123;1424189939
48,9250819758036;24,743068702542;1424189940
48,9251732966387;24,7430860530815;1424189941
48,925256026023;24,7430881485573;1424189942
48,9253425272637;24,7430731449507;1424189943
48,9254521625572;24,7430836223296;1424189944
48,9255542541378;24,7430911660425;1424189945
48,9256324992039;24,7430796828351;1424189946
48,9257177012497;24,7430744860552;1424189947
48,9258585591325;24,7431120369814;1424189948
48,9259416657024;24,7431236878268;1424189949
48,9260321483472;24,743113713362;1424189950
48,9261648338744;24,7431298904351;1424189951
48,9262518799388;24,7431353386722;1424189952
48,9263510797628;24,7431360930435;1424189953
48,9264458371782;24,7431301418922;1424189954
48,9265158679792;24,7431286331497;1424189955
48,9266364835658;24,7431370150528;1424189956
48,9267712645688;24,7431670222662;1424189957
48,9268570114383;24,7431740630648;1424189958
48,9269631263324;24,7431834507964;1424189959
48,9270499209398;24,7431778349213;1424189960
48,9271609811568;24,7431700397513;1424189961
48,9272476500356;24,7431839537106;1424189962
48,9273536392012;24,7431807685874;1424189963
48,9274434512937;24,7431809362254;1424189964
48,9275465487027;24,743166519352;1424189965
48,9276561001771;24,743169117742;1424189966
48,9277293161013;24,7431503422789;1424189967
48,9278610796192;24,7431687824659;1424189968
48,927952945278;24,7431437205754;1424189969
48,9280452300319;24,7431283816926;1424189970
48,9281531889447;24,7431234363697;1424189971
48,9282131195524;24,7430940997086;1424189972
48,9283142472142;24,7430753242455;1424189973
48,9283723757127;24,7430515196405;1424189974
48,9284308813968;24,7430483345173;1424189975
48,9285009541073;24,7430302296064;1424189976
48,928538546943;24,7430280503116;1424189977
48,9285903890142;24,7430081852011;1424189978
48,9286241680839;24,7429991327457;1424189980
48,9286271436596;24,7429645154856;1424189981
48,92866000072;24,742984212958;1424189982
48,9286206476846;24,7429469973079;1424189984
48,9285832224869;24,7429293114922;1424189985
48,9285506168836;24,7428926825754;1424189986
48,9285311708682;24,7428570594869;1424189987
48,9285092102819;24,7428534552685;1424189988
48,9285083720916;24,742899723374;1424189993
48,9284981461698;24,7429475840412;1424189996
48,9284967631557;24,7429889068238;1424189998
48,9285234176078;24,7430037427924;1424190003
48,9285442047277;24,7429850511483;1424190005
48,9285716554606;24,7429666947804;1424190007
48,9285989385554;24,742963090562;1424190008
48,9286289457687;24,7429568879537;1424190009
48,9286664547854;24,742960492172;1424190010
48,9287104178676;24,742957726144;1424190011
48,9287571050682;24,7429454885654;1424190012
48,9288065163874;24,7429376933954;1424190013
48,9289641799861;24,7429452371083;1424190014
48,9290760364839;24,7429661918662;1424190015
48,9292009687507;24,7430207580558;1424190016
48,9292913675764;24,7430214286081;1424190017
48,9293955546328;24,7430357616625;1424190018
48,9294716204041;24,7430340852819;1424190019
48,929553427779;24,7430588118962;1424190020
48,9296637755343;24,7430656850568;1424190021
48,9297339739734;24,7430804372064;1424190022
48,9298377838441;24,7430663556091;1424190023
48,929919339762;24,7430600691817;1424190024
48,9300307771647;24,7430417128138;1424190025
48,9301489200899;24,7429951094321;1424190026
48,9302264526942;24,742976166331;1424190027
48,930317102977;24,7429701313607;1424190028
48,9304108964735;24,7428952809654;1424190029
48,930515251168;24,7429080214582;1424190030
48,9306477271476;24,7429166548185;1424190031
48,9307532553085;24,7429568879537;1424190032
48,9308198076197;24,7429506015263;1424190033
48,9309410099396;24,7429436445467;1424190034
48,9311626274594;24,742970969551;1424190035
48,9313306427085;24,7429852187864;1424190036
48,9314463548818;24,7429734003029;1424190037
48,9315981511482;24,7429951932512;1424190038
48,9316938724824;24,7429898288331;1424190039
48,9317870373362;24,7429781779877;1424190040
48,9319480117866;24,7430268768452;1424190041
48,9320376981505;24,7430438921086;1424190042
48,9321436034971;24,7430070955537;1424190043
48,9322487125629;24,7430086042962;1424190044
48,9323565457472;24,7430248651884;1424190045
48,9324689470687;24,7430219315223;1424190046
48,9325567475044;24,7429909184806;1424190047
48,932683691428;24,7429909184806;1424190048
48,9327776525625;24,7430024855069;1424190049
48,9328468870827;24,743005251535;1424190050
48,9328888385081;24,7430223506174;1424190051
48,9328599209422;24,7429864760719;1424190053
48,9328397205555;24,7429720591984;1424190054
48,9328113478133;24,7429090272866;1424190058
48,9327954221973;24,7428726498268;1424190060
48,9327950031021;24,7428301535777;1424190061
48,9328087494233;24,7427953686796;1424190063
48,9328069892236;24,7427583206675;1424190067
48,9327793708527;24,7427624278001;1424190071
48,9327607630276;24,7427899204425;1424190079
48,9327613497609;24,7427459992699;1424190084
48,9327657083505;24,7427102085433;1424190085
48,9327811310523;24,742643320956;1424190087
48,9327996550584;24,7425880842141;1424190089
48,9328189334356;24,7425644472472;1424190090
48,9328463003495;24,7425437439463;1424190091
48,932888503232;24,7425327636532;1424190092
48,9329448715308;24,7425393015377;1424190093
48,9331678720647;24,7426149901233;1424190094
48,933236058847;24,742632675939;1424190095
48,9333289303341;24,7426360287003;1424190096
48,9333733544209;24,7426324244819;1424190097
48,9336073771575;24,7425939515463;1424190098
48,9336942974934;24,7425862401954;1424190099
48,9337699441695;24,7427531238876;1424190100
48,9338856982523;24,7427908424518;1424190101
48,9339508256399;24,7427627630762;1424190102
48,9340328425625;24,7427590750388;1424190103
48,9341376163521;24,7427525371544;1424190104
48,9342061384105;24,7427232843123;1424190105
48,9343001414546;24,7427777666829;1424190106
48,9344020653972;24,742793859937;1424190107
48,9344668994182;24,742780700349;1424190108
48,934516604104;24,7427790239684;1424190109
48,9345918735945;24,7427741624645;1424190110
48,9348277403497;24,7427482623837;1424190112
48,934931424492;24,7427528724305;1424190113
48,9349730825507;24,7427307442061;1424190114
48,9350368688339;24,7427098732672;1424190115
48,9351186762088;24,7426948696605;1424190116
48,9351900900239;24,7427059337727;1424190117
48,9352363581294;24,7426895052425;1424190118
48,935321392537;24,7427270561687;1424190119
48,9353726897844;24,7427361086241;1424190120
48,9354994241604;24,7427734919123;1424190121
48,9355384419197;24,742772737541;1424190122
48,935608095535;24,7428055946014;1424190123
48,9356651762956;24,7428444866321;1424190125
48,9356983267227;24,7428353503577;1424190126
48,9357405296051;24,7429001424692;1424190127
48,9357949281567;24,7429531999163;1424190128
48,9358814293974;24,7430563811443;1424190129
48,9359622728535;24,7431494202695;1424190130
48,9360479359039;24,7432551998875;1424190131
48,9361468423614;24,7434427868805;1424190132
48,9361477643707;24,7435406036905;1424190133
48,9361422742241;24,7436243389032;1424190134
48,9361360716158;24,7436993569366;1424190135
48,9361034660125;24,7437657416097;1424190136
48,9360660827243;24,7438248340271;1424190137
48,9360455470615;24,7438945714615;1424190138
48,9360051462883;24,7438928112618;1424190139
48,9360132348248;24,7439512331269;1424190141
48,9360183896953;24,7439919691763;1424190144
48,9359982312181;24,7440094035349;1424190148
48,9359679725477;24,7439870238535;1424190154
48,9359428268382;24,74397260698;1424190156
48,9359138254532;24,7439845931015;1424190159
48,9358990313941;24,7440506424985;1424190161
48,9358949661711;24,7441036161266;1424190162
48,9358862489918;24,744168156781;1424190163
48,9358781185457;24,7443434223763;1424190164
48,9358065790021;24,7444136627249;1424190165
48,9356795512596;24,7444942966334;1424190166
48,9356408268669;24,7445659619055;1424190167
48,9355800999784;24,7446512058608;1424190168
48,9355342090586;24,7447475139282;1424190169
48,9355144696766;24,7448299080364;1424190170
48,9354741946319;24,7449195105813;1424190171
48,9354441874185;24,7450220212571;1424190172
48,935391339519;24,745127549418;1424190173
48,9353616256723;24,7452682815723;1424190174
48,9353165310332;24,7453695349626;1424190175
48,9352470869654;24,7454791702561;1424190176
48,9351669978806;24,745579333999;1424190177
48,9350872859815;24,7456865385405;1424190178
48,9350507408836;24,7457929887108;1424190179
48,9349944144943;24,7458870336644;1424190180
48,9349402254903;24,7459926456443;1424190181
48,934903638483;24,7461421787969;1424190182
48,9348142035761;24,7462513111762;1424190183
48,9347372157955;24,7463398240737;1424190184
48,9346914925137;24,7464264091335;1424190185
48,9346898580426;24,746514922031;1424190186
48,9346793387541;24,746596980863;1424190187
48,9346746448883;24,7466714959822;1424190188
48,9346597251007;24,7467241343341;1424190189
48,9346640417808;24,7467724140964;1424190190
48,9346625330382;24,7468328476183;1424190191
48,9346657181614;24,7468915209405;1424190192
48,9347182726943;24,7469132300697;1424190193
48,9347442985037;24,7469477635107;1424190194
48,9349717414462;24,7471248731248;1424190199
48,9349925285661;24,7471802775047;1424190200
48,9350496093267;24,747241884493;1424190201
48,9351120545053;24,747278764867;1424190202
48,9351814147541;24,7473267931722;1424190203
48,9352319576302;24,7474143002413;1424190204
48,9353739051604;24,7474919166646;1424190205
48,9354476659083;24,7475442197404;1424190206
48,9355239412272;24,7476060781858;1424190207
48,935569832147;24,7477236762873;1424190208
48,9356120350295;24,7478121053658;1424190209
48,9356630808198;24,7478774003915;1424190210
48,9357233047941;24,7479282785437;1424190211
48,9357795054549;24,7479935735695;1424190212
48,9358645398625;24,7480390873037;1424190213
48,9359254343891;24,7480996046446;1424190214
48,9359933697143;24,7481744550399;1424190215
48,9360864088395;24,7482547536723;1424190216
48,9361050166645;24,7482907120369;1424190217
48,9361865306729;24,7483885288469;1424190218
48,936225129337;24,7485098988048;1424190219
48,9362924360195;24,748587096133;1424190220
48,9363657357627;24,7486479487501;1424190221
48,9364165300959;24,7487300914011;1424190222
48,9364387421393;24,7487185243748;1424190224
48,936402155132;24,7486976534359;1424190225
48,9364045858839;24,7486385610185;1424190226
48,9363644784772;24,7485804744295;1424190227
48,9363457030141;24,7485593520335;1424190228
48,9363182941907;24,7485544905297;1424190233
48,9362877002442;24,7485542390726;1424190235
48,9363085292735;24,7485881019614;1424190298
48,9364229841614;24,7487330250672;1424190299
48,9365050849029;24,7488175146512;1424190300
48,9365928015196;24,7489169240228;1424190301
48,9367135009253;24,7490190994225;1424190302
48,9367528539607;24,7490848135434;1424190303
48,9368254831517;24,7491614241384;1424190304
48,9368657162869;24,7492137272141;1424190305
48,9369696518862;24,7493135556809;1424190306
48,9370661695012;24,7494319919727;1424190307
48,9371550595844;24,7495587263487;1424190308
48,9373011980662;24,7496644221477;1424190309
48,9374475460955;24,7497795894973;1424190310
48,9376139268735;24,7499169688902;1424190311
48,9377236878955;24,7499894723527;1424190312
48,9378171880254;24,7501123510532;1424190313
48,9378785854661;24,7502001933984;1424190314
48,9379613567599;24,7502959985516;1424190315
48,938056658999;24,7503961622945;1424190316
48,938114829407;24,7505583521209;1424190317
48,938158289575;24,7506237309657;1424190318
48,9382186811873;24,7506947256855;1424190319
48,938249694229;24,7507658042244;1424190320
48,9383019973048;24,7508218791566;1424190321
48,9383905521118;24,7508388944201;1424190322
48,9384019934097;24,7509037703506;1424190323
48,9384408854404;24,7508777864508;1424190325
48,9384693839112;24,7507597692541;1424190326
48,9385012770527;24,7506767884127;1424190327
48,9385341341132;24,7506072186164;1424190328
48,9385767560908;24,750537313544;1424190329
48,9386157738501;24,7504557576261;1424190330
48,9386573899993;24,7503742855273;1424190331
48,9386800630474;24,7503036260835;1424190332
48,9387150994026;24,7502274345837;1424190333
48,9387397841075;24,7501794900976;1424190334
48,9387589786657;24,7501389216862;1424190335
48,9387389878267;24,7501173801951;1424190342
48,9387584757516;24,7500572819493;1424190347
48,9387788018667;24,7500136122338;1424190348
48,9387997566247;24,7499696910612;1424190349
48,938828464643;24,7499106824629;1424190350
48,9388713380778;24,7498035617403;1424190351
48,9389081346327;24,7497252747647;1424190352
48,9389556600237;24,7496191598705;1424190353
48,9390141657078;24,7495034057877;1424190354
48,9390713721969;24,7494033258639;1424190355
48,939128411048;24,7492623422525;1424190356
48,9391673030787;24,7491555568061;1424190357
48,9392434107595;24,7490666248135;1424190358
48,9393296186337;24,7489459254078;1424190359
48,9393846039185;24,7488247230879;1424190360
48,9394344762423;24,7487026825778;1424190361
48,9394821692714;24,7485873475901;1424190362
48,9395385375702;24,7484726831547;1424190363
48,9396086521902;24,7483674064509;1424190364
48,9396964107165;24,7482475452356;1424190365
48,9397552516767;24,7481185477457;1424190366
48,9398170682126;24,747989634075;1424190367
48,9398575108954;24,7478795796863;1424190368
48,9399202494406;24,7477905638746;1424190369
48,9399763243729;24,7476841137044;1424190370
48,9400232211211;24,7475729696683;1424190371
48,9400790026867;24,7474589757852;1424190372
48,9401496621305;24,7473629191748;1424190373
48,9402338583478;24,7472639288984;1424190374
48,9402985666403;24,747146666073;1424190375
48,9403589582526;24,7470465861491;1424190376
48,9403853193381;24,746906105452;1424190377
48,9404018735969;24,7468044329665;1424190378
48,9404510753685;24,7467247210673;1424190379
48,9404763468066;24,7466162592403;1424190380
48,9404980978453;24,7465636208884;1424190381
48,9405204775268;24,7464686539255;1424190382
48,940539672085;24,7464310191802;1424190383
48,9405495627308;24,7463810630373;1424190384
48,9406012790733;24,7463725134961;1424190385
48,9406393329137;24,7463494632624;1424190386
48,9406710584172;24,7463222220771;1424190387
48,9407446934366;24,746324820467;1424190388
48,9407861419478;24,7463135048978;1424190389
48,940814347052;24,7463079728417;1424190390
48,9408825757438;24,746277211257;1424190391
48,9409012673879;24,7462422587208;1424190392
48,9409287600303;24,7462094854794;1424190393
48,9409490442359;24,7461751196764;1424190394
48,9409689931655;24,7461488843195;1424190395
48,9409881877237;24,7461283486567;1424190396
48,9409857988813;24,7461658157639;1424190400
48,941009896853;24,7461693361632;1424190419
48,9410247328216;24,746137149655;1424190421
48,9410374314049;24,7461051307849;1424190423
48,9410475315982;24,7460575215749;1424190425
48,9410618646526;24,7460094932697;1424190427
48,941080011473;24,7459578607462;1424190429
48,9410970267364;24,7459155321352;1424190431
48,9411137905428;24,745885944017;1424190432
48,9411336137438;24,745862223231;1424190433
48,9411534369448;24,7458337247602;1424190434
48,9411727572316;24,745806651213;1424190435
48,9411850786292;24,7457774821899;1424190436
48,9412009623357;24,745730040618;1424190438
48,9412072487631;24,7456704452864;1424190440
48,9412089251438;24,7456356603883;1424190441
48,9412092604199;24,7455694433532;1424190443
48,9412075002202;24,7455256898187;1424190444
48,9412113558957;24,7454831935696;1424190445
48,9412145829284;24,7454344947122;1424190446
48,9412219590032;24,7453789226941;1424190447
48,9412494935551;24,7452244442187;1424190448
48,9412587555581;24,7451330814741;1424190449
48,9412962645748;24,7450619191162;1424190450
48,9413322229394;24,7450041678033;1424190451
48,941373294265;24,7449242882661;1424190452
48,9413984399745;24,7448332607977;1424190453
48,9414229989508;24,7447589971356;1424190454
48,9414548920923;24,7446886729679;1424190455
48,9414955443227;24,7446202766381;1424190456
48,9415364899197;24,7445634473346;1424190457
48,9415497752362;24,7444683127336;1424190458
48,9415934449518;24,7443816438548;1424190459
48,9416317921588;24,744305619993;1424190460
48,9416630566576;24,7442243993513;1424190461
48,9416911779427;24,7441427596144;1424190462
48,9417302376115;24,7440724354468;1424190463
48,9417718118512;24,7439788934074;1424190464
48,9418220194512;24,743906557583;1424190465
48,9418643899718;24,7438289411596;1424190466
48,9418964088419;24,7437225748084;1424190467
48,9419054612973;24,7436375823102;1424190468
48,9419296849975;24,7435617260865;1424190469
48,9420120371961;24,7435053158782;1424190470
48,9420554135451;24,7434310522161;1424190471
48,9420655137384;24,7433659248284;1424190472
48,9420799306118;24,7432885598622;1424190473
48,9421264082649;24,7432025615356;1424190474
48,9421665575811;24,7431423794709;1424190475
48,9422089700112;24,7430831194154;1424190476
48,9422398992339;24,7430284694068;1424190477
48,9422832755828;24,7429863922528;1424190478
48,9423189824903;24,7429806925587;1424190479
48,9423504146272;24,7429638449333;1424190481
48,9423335250923;24,7429270483784;1424190483
48,9423032245123;24,7429129667811;1424190485
48,9422712056422;24,7428357694528;1424190496
48,9422487840512;24,7428164072565;1424190506
48,9422523044506;24,7427792754255;1424190518
48,9422686491617;24,742714650952;1424190520
48,9422837365874;24,7426766809306;1424190521
48,9423074154639;24,742630161368;1424190522
48,9423325611734;24,7425858211003;1424190523
48,9423589641684;24,7425378766141;1424190524
48,9423864987203;24,7424960509173;1424190525
48,9424148714626;24,7424568236105;1424190526
48,9424391370722;24,7424208652459;1424190527
48,942463654139;24,7423787880919;1424190528
48,9424727065945;24,7423344478242;1424190529
48,9424698986569;24,7422885149948;1424190530
48,9424593793684;24,7422445100031;1424190531
48,94243326974;24,7421906143657;1424190532
48,942397520923;24,7421338688813;1424190533
48,9422727143848;24,7420547437153;1424190534
48,9422238059798;24,7419894486896;1424190535
48,9421694074282;24,7419222258262;1424190536
48,9420857560345;24,7418403346322;1424190537
48,9420163538763;24,7417623829327;1424190538
48,9419580996492;24,7416888736419;1424190539
48,9418892004052;24,7416234947971;1424190540
48,9418227738225;24,7415188048265;1424190541
48,9417584008062;24,7414708603404;1424190542
48,9416894596526;24,7413939982883;1424190543
48,9416158246332;24,7412879672132;1424190544
48,9415454166466;24,7412009630583;1424190545
48,9414940774897;24,741155365505;1424190546
48,9414437441611;24,7410743963204;1424190547
48,9413937461087;24,741007257276;1424190548
48,9413318457538;24,7409409564219;1424190549
48,9412767766499;24,7408746555678;1424190550
48,9412230067411;24,7408158146075;1424190551
48,9411804685825;24,7407716419778;1424190552
48,9411594719151;24,7407578118376;1424190553
48,9411403192663;24,7407102864466;1424190554
48,9411455160463;24,7407741565488;1424190559
48,9411678957277;24,7407964524112;1424190563
48,9411616512099;24,7408372722797;1424190568
48,9411250642025;24,7407801915191;1424190588
48,9411031874353;24,7407337557755;1424190589
48,9410724677601;24,7407187521688;1424190590
48,9410527283782;24,7406814526997;1424190591
48,9410257805595;24,7406527027718;1424190592
48,940992755861;24,7406178340546;1424190593
48,9409547020206;24,7405833006136;1424190594
48,9408542868206;24,7404955420873;1424190595
48,9407990919882;24,7404014971338;1424190596
48,9407319110343;24,7403346933655;1424190597
48,9406717289695;24,7402721643678;1424190598
48,9406124689141;24,7402027622096;1424190599
48,9405622194046;24,7401209548346;1424190600
48,9404832618767;24,7400529775999;1424190601
48,940412770071;24,7399673145495;1424190602
48,9403249277258;24,7398937214396;1424190603
48,9402627340042;24,739789031469;1424190604
48,9401655039274;24,739670176082;1424190605
48,9400940901124;24,7395888716213;1424190606
48,9400675194794;24,7395230736814;1424190607
48,940001847268;24,7394517436854;1424190608
48,9399587642857;24,7393814195178;1424190609
48,9399072574907;24,7393240873001;1424190610
48,9398618275755;24,7392566967986;1424190611
48,9397805231148;24,7391701117388;1424190612
48,939736099028;24,7390986141048;1424190613
48,9397176169315;24,7390453890196;1424190614
48,9396783058056;24,7390296310417;1424190615
48,9396488853255;24,7390075866363;1424190620
48,9396282239342;24,7390513401709;1424190622
48,939651693263;24,7390509210757;1424190631
48,9396220632353;24,7390328161649;1424190641
48,9395866077849;24,7389971092574;1424190643
48,9395627612704;24,7389737237475;1424190644
48,939539250032;24,738932568603;1424190646
48,9394826721856;24,7388572152934;1424190650
48,939454760448;24,7388306446604;1424190651
48,9394036727482;24,7387831192694;1424190652
48,9393574046427;24,7387435566864;1424190653
48,9393150760317;24,7386937681816;1424190654
48,9392660838076;24,7386349272213;1424190655
48,9392345678517;24,7385972924761;1424190656
48,9391977293873;24,7385553829602;1424190657
48,9391885512033;24,7385164071105;1424190660
48,9391803369382;24,7384813707552;1424190661
48,9391608909228;24,7384566441409;1424190663
48,9391356613943;24,7384155728153;1424190665
48,9390930813262;24,7383722383759;1424190666
48,9390680194357;24,7383462544761;1424190667
48,9390395209649;24,7383184265576;1424190668
48,9390144171649;24,7382888384394;1424190669
48,9389873017081;24,7382608428828;1424190670
48,9389502956056;24,738229829841;1424190671
48,9389105234751;24,7382049355886;1424190672
48,9388768701339;24,738182136812;1424190673
48,938842839607;24,7381660435579;1424190674
48,9388107788273;24,7381562367312;1424190675
48,9387813583472;24,7381476033709;1424190676
48,9387511415863;24,7381439153335;1424190677
48,9387219306537;24,738174090185;1424190679
48,9386987127819;24,7382170055292;1424190681
48,9386792667666;24,7382780257843;1424190683
48,9386692084828;24,7383175045482;1424190684
48,9386613294938;24,738359330245;1424190685
48,9386450686016;24,738401575037;1424190686
48,9386210963586;24,7384500224374;1424190687
48,9385985071295;24,7384962067238;1424190688
48,9385733195105;24,7385420557342;1424190689
48,9385478385249;24,7385843005262;1424190690
48,9385241177389;24,7386278864227;1424190691
48,9385048812711;24,7386625875018;1424190692
48,9384862315365;24,7386864759258;1424190693
48,9384648576835;24,7387070954076;1424190695
48,9384466270441;24,7387464065335;1424190698
48,9384276001239;24,7388207540146;1424190700
48,9384097047606;24,7388830315552;1424190701
48,9383737883055;24,73904362882;1424190702
48,9383439487302;24,7391370870403;1424190703
48,9383014943906;24,7392281983278;1424190704
48,9382461738297;24,7393441200487;1424190705
48,9382273983666;24,7394769732139;1424190706
48,9381559845516;24,7395785618804;1424190707
48,938132054218;24,7397169471017;1424190708
48,9380517555856;24,7398188710443;1424190709
48,9379872987503;24,7399367206029;1424190710
48,9379144181022;24,7400435060493;1424190711
48,9378661383399;24,7401613556079;1424190712
48,9378178585776;24,7402863297842;1424190713
48,9377642982164;24,7403999883912;1424190714
48,9376487955907;24,7405061032853;1424190715
48,9376057964274;24,7405936103545;1424190716
48,9375575585747;24,7406977135918;1424190717
48,9375104941883;24,740822436311;1424190718
48,9374160301396;24,7409537807337;1424190719
48,9373410121062;24,7410741448633;1424190720
48,9372905949586;24,7411831096045;1424190721
48,9372419380107;24,7413162142269;1424190722
48,9371517906421;24,7414289508245;1424190723
48,937057536141;24,7415528353534;1424190724
48,9369725017333;24,7416461259357;1424190725
48,9368918678248;24,7417456191264;1424190726
48,936797403776;24,7418472077928;1424190727
48,9367256965944;24,7419563401721;1424190728
48,9366543246889;24,7420367226235;1424190729
48,9365703799286;24,7421007603637;1424190730
48,9364832081356;24,7421719227217;1424190731
48,936404837341;24,7422446776412;1424190732
48,9363085292735;24,7422508802495;1424190733
48,9362655301103;24,7422726731978;1424190734
48,9362115506539;24,7423098888479;1424190735
48,9361812081644;24,7423544805727;1424190736
48,9361140272105;24,7423931211464;1424190737
48,936071991966;24,7424243018262;1424190738
48,9360359497824;24,7424540575824;1424190739
48,9359956747377;24,7424917761467;1424190740
48,9359514182889;24,7425223700933;1424190741
48,9358996181273;24,742545420327;1424190742
48,9358215826088;24,7425501141928;1424190743
48,9357675193333;24,7425804566822;1424190744
48,9357116958582;24,7426082846008;1424190745
48,9356612368011;24,7426390461854;1424190746
48,9355953969517;24,7426640242569;1424190747
48,935547326737;24,7426982224218;1424190748
48,9354661480048;24,7427229490362;1424190749
48,9353745338031;24,742764858552;1424190750
48,9353121724435;24,7427729051791;1424190751
48,9352318319016;24,7427855618528;1424190752
48,9351661177808;24,7428134735904;1424190753
48,9351040078783;24,7428184189133;1424190754
48,9350471785748;24,7428456600986;1424190755
48,9349805424446;24,7428794391684;1424190756
48,9349419018709;24,7428555507443;1424190757
48,934903722302;24,7428577300392;1424190758
48,9348620642432;24,7428477555744;1424190760
48,9348328952202;24,7428720630936;1424190762
48,9348365413481;24,7429158166281;1424190772
48,9348546881684;24,7428893298141;1424190794
48,9348367928052;24,7429113742195;1424190795
48,9348054863968;24,7429380286715;1424190797
48,9347713720509;24,7429638449333;1424190799
48,9347228408316;24,742992175766;1424190801
48,9347008383357;24,7430034075163;1424190802
48,9346728008696;24,7430163994662;1424190803
48,9346369682336;24,7430309839777;1424190804
48,9346000040406;24,7430387791477;1424190805
48,9345550770396;24,743047580146;1424190806
48,9344245708072;24,7431282140545;1424190807
48,9343435178035;24,7431634180478;1424190808
48,9343029493922;24,7431689501039;1424190809
48,9342148136803;24,7431914974234;1424190810
48,9341502311164;24,7431837022535;1424190811
48,9340776857444;24,7431378532431;1424190812
48,9339654939705;24,7430738155029;1424190814
48,933894205884;24,7430666908852;1424190815
48,9338246360877;24,743095105537;1424190816
48,933714414061;24,74306887018;1424190817
48,9336513402396;24,7430817783109;1424190818
48,933581099891;24,7431019786976;1424190819
48,933521630288;24,7431065887443;1424190820
48,9334599813902;24,7431256994835;1424190821
48,9333988354066;24,7431419603757;1424190822
48,9333358873138;24,7431405354522;1424190823
48,9332369389468;24,7431440558515;1424190824
48,9331530780056;24,7431708779416;1424190825
48,9330687979692;24,743192838528;1424190826
48,9330043411338;24,7431925032518;1424190827
48,9329475537398;24,7431970294795;1424190828
48,932870063045;24,7431950178228;1424190829
48,9328235853919;24,7432086803249;1424190830
48,9327394729936;24,7432196606181;1424190831
48,9326775307291;24,7432363406054;1424190832
48,9326042309859;24,7432196606181;1424190833
48,9325204119542;24,7432131227336;1424190834
48,9324476151251;24,743203651183;1424190835
48,9323642990076;24,7431978676699;1424190836
48,932301853829;24,7432244383029;1424190837
48,9322370617175;24,7432040702782;1424190838
48,9321640134313;24,743195520737;1424190839
48,9320982154914;24,7431562934301;1424190840
48,9320234489152;24,7431699559323;1424190841
48,9319643984073;24,7431246098361;1424190842
48,9319043839806;24,7430892382048;1424190843
48,9318459621155;24,7430499270789;1424190844
48,9317916473829;24,7430584766201;1424190845
48,9317333093369;24,7430578060679;1424190846
48,9316903520831;24,7430508490882;1424190847
48,9316381328264;24,7430410422615;1424190848
48,9315984026053;24,7430424671851;1424190849
48,9315540623375;24,7430348396532;1424190850
48,9315113984504;24,74302645775;1424190851
48,931490485602;24,7429990489266;1424190852
48,9315311797419;24,7429862246148;1424190854
48,9315666351923;24,7430153936378;1424190856
48,9315672219255;24,7429810278348;1424190868
48,9315271983379;24,7429988812886;1424190989
48,9314955147439;24,7429915052138;1424190991
48,9314590953746;24,7429914213947;1424190993
48,931425651581;24,7429915052138;1424190994
48,9313921239683;24,742997456365;1424190995
48,9313416230017;24,743000054755;1424190996
48,9312946005249;24,7430013120405;1424190997
48,9312411239826;24,7430019825927;1424190998
48,9311411697873;24,7430092748485;1424190999
48,9310826641032;24,7430084366582;1424191000
48,9310052572274;24,7430330794535;1424191001
48,9309330890411;24,7430337500058;1424191002
48,9308763854661;24,7430409584425;1424191003
48,930812599183;24,7430627513907;1424191004
48,9307242958331;24,7430464904986;1424191005
48,9306522533753;24,7430577222488;1424191006
48,9305738825807;24,7430541180305;1424191007
48,9305118145877;24,743036935129;1424191008
48,9304611040735;24,7430604882769;1424191009
48,9304064540648;24,7430348396532;1424191010
48,9303495409423;24,7430492565266;1424191011
48,9302574657359;24,7430424671851;1424191012
48,9301891951346;24,7430203389607;1424191013
48,9301245706612;24,7430156450949;1424191014
48,930063466587;24,7430312354348;1424191015
48,9299891191059;24,7430341691009;1424191016
48,9299138915249;24,743023775541;1424191017
48,9298402984151;24,7430912498615;1424191018
48,9297737880134;24,7431315668158;1424191019
48,9297062298739;24,743118910142;1424191020
48,9295973908612;24,7431102767817;1424191021
48,9295250131273;24,7430972848318;1424191022
48,929447648161;24,7431003023169;1424191023
48,9293712471136;24,7430954408131;1424191024
48,9293169323811;24,7430890705667;1424191025
48,929244135552;24,7430734802268;1424191026
48,9291735599273;24,7430736478649;1424191027
48,929094895766;24,743047496327;1424191028
48,929022182756;24,743039701157;1424191029
48,9289538702452;24,7430811077587;1424191030
48,9288843423584;24,7430721391223;1424191031
48,9288262976789;24,7431134619049;1424191032
48,9287861064532;24,7430614102862;1424191033
48,9287346834773;24,7430811915777;1424191034
48,928678440907;24,7430799342922;1424191035
48,9286358189293;24,7430935129754;1424191036
48,9285853598723;24,7430861369006;1424191037
48,9285224536889;24,743074150779;1424191038
48,9284880040669;24,7431054990969;1424191039
48,9284450049036;24,7431006375931;1424191040
48,9284059871444;24,743102984526;1424191041
48,9284265647167;24,7431182395897;1424191042
48,9284437476182;24,7430747375123;1424191044
48,9284318453157;24,7430308163396;1424191050
48,9283823082679;24,7430516872785;1424191067
48,92835615673;24,7430605720959;1424191068
48,9283248084122;24,7430597339056;1424191069
48,9282892691427;24,7430619132004;1424191070
48,9282500418359;24,7430692054562;1424191071
48,9282027259925;24,7430807724825;1424191072
48,9280991675788;24,7431317344538;1424191073
48,9280388597855;24,7431392781667;1424191074
48,9279597346195;24,743145313137;1424191075
48,9278713474506;24,7431588080011;1424191076
48,9277805714392;24,7431954369179;1424191077
48,9276817488008;24,7431946825467;1424191078
48,9275789447584;24,7431900724999;1424191079
48,9274841035241;24,7431927547089;1424191080
48,927382221491;24,7432027291737;1424191081
48,9272744302162;24,7431711293987;1424191082
48,9271624479899;24,7431749012552;1424191083
48,9270272059822;24,7431730572365;1424191084
48,9269166486793;24,7431781701974;1424191085
48,9267842146092;24,7432136256478;1424191086
48,9266637247511;24,743195520737;1424191087
48,926551113882;24,7432222590081;1424191088
48,9264580747568;24,7432261985026;1424191089
48,9263462601685;24,7432367597006;1424191090
48,926235241861;24,7432603128485;1424191091
48,9261214156159;24,7432427108518;1424191092
48,9259754447722;24,7432150505714;1424191093
48,9258552063712;24,7432116139911;1424191094
48,925733082042;24,7432183195136;1424191095
48,9256159449452;24,7432070877633;1424191096
48,9255085727656;24,7431964427463;1424191097
48,9253848139652;24,7431921679757;1424191098
48,9252714068153;24,743190323957;1424191099
48,9251626097121;24,7432075068585;1424191100
48,9250348275983;24,7431726381413;1424191101
48,9249033993566;24,7431712132178;1424191102
48,9247926744157;24,7431732248745;1424191103
48,9246841706791;24,7431335784725;1424191104
48,9245791035229;24,7431175690375;1424191105
48,9244958712244;24,7431235201887;1424191106
48,9243975095906;24,7431270405881;1424191107
48,9242994413235;24,7431319859109;1424191108
48,924185656988;24,7431450616799;1424191109
48,9240774885276;24,7431282978735;1424191110
48,924020407767;24,743137434148;1424191111
48,9239717089095;24,7431271244071;1424191112
48,9239371754685;24,7431128751717;1424191113
48,9238981577092;24,7431154735617;1424191114
48,9238581341216;24,743113545724;1424191115
48,9238497941279;24,7431469056986;1424191116
48,9238655940154;24,7431762423597;1424191117
48,9238572959312;24,743229970359;1424191118
48,923860690602;24,7432685271136;1424191119
48,9238822740027;24,743285458558;1424191124
48,9238546975413;24,7432544455163;1424191162
48,9238101058164;24,7432332393012;1424191164
48,9237837866404;24,743232568749;1424191165
48,923757425555;24,7432301379971;1424191166
48,9237266639703;24,7432249412171;1424191167
48,9236943936431;24,7432262823216;1424191168
48,9236511849323;24,7432335745774;1424191169
48,923605587379;24,743240615376;1424191170
48,9234268013844;24,7432103567056;1424191172
48,9233511966177;24,7432064172111;1424191173
48,9232941577667;24,7432084288679;1424191174
48,9232177567193;24,7431685310088;1424191175
48,9231249690511;24,743161238753;1424191176
48,9230714925089;24,7431482468031;1424191177
48,9229741367036;24,7431598976485;1424191178
48,9228969812849;24,7431542817734;1424191179
48,9227948897042;24,7431945149086;1424191180
48,922703065955;24,7432383522622;1424191181
48,9226219710418;24,7432426270328;1424191182
48,922532703773;24,7432468179844;1424191183
48,9224559674495;24,7432495001934;1424191184
48,9223646047049;24,7432410344712;1424191185
48,9222954540038;24,743243129947;1424191186
48,9222158678332;24,7432435490421;1424191187
48,9221194340372;24,7432338260345;1424191188
48,9220422786185;24,7431800980351;1424191189
48,921939390757;24,7431536950401;1424191190
48,9218516322308;24,7431308124445;1424191191
48,9217817690679;24,7431014757834;1424191192
48,9216765342736;24,7431206703416;1424191193
48,921578424097;24,7430811077587;1424191194
48,921482157939;24,7430645115904;1424191195
48,9213816170105;24,7430812753967;1424191196
48,9213012345591;24,7430388629667;1424191197
48,9212202653744;24,7430860530815;1424191198
48,9211286511728;24,7430613264672;1424191199
48,9210133580947;24,7430576384298;1424191200
48,9209061535531;24,743018578761;1424191201
48,9207956800693;24,7430261224739;1424191202
48,9207336539858;24,7430149745427;1424191203
48,9206595579618;24,74302385936;1424191204
48,9205573406526;24,7430303972445;1424191205
48,9204772096583;24,7430389467857;1424191206
48,9203638863274;24,7430409584425;1424191207
48,9202784328246;24,7430294752351;1424191208
48,9201642713034;24,7429317422442;1424191209
48,9200585755044;24,7429041657827;1424191210
48,9199369121798;24,7428635135523;1424191211
48,9198334375852;24,7428316623203;1424191212
48,9197377581605;24,7428093664579;1424191213
48,9196305536189;24,7427739110074;1424191214
48,9195534820193;24,7427428141467;1424191215
48,9194723451966;24,7427190933607;1424191216
48,919385047675;24,7426968813173;1424191217
48,9193166932547;24,7427096218101;1424191218
48,9192440221542;24,7426888346902;1424191219
48,9191680821114;24,7426525410495;1424191220
48,9191016555288;24,7426347714148;1424191221
48,9190246677482;24,7426233720265;1424191222
48,9189220732534;24,7426149901233;1424191223
48,9188724942961;24,7425615135811;1424191224
48,9188268129238;24,7425185982368;1424191225
48,9187939558634;24,7424909379564;1424191226
48,9187725820103;24,7424461785934;1424191227
48,9187362045505;24,7424460947744;1424191228
48,9187012101048;24,7424357850335;1424191229
48,9187154174307;24,7424632776759;1424191230
48,9187393058547;24,7424907703183;1424191231
48,9187476877579;24,7424553986869;1424191236
48,9186970610627;24,7425102163337;1424191280
48,9186617732504;24,7424980625741;1424191281
48,9186305087515;24,7425010800592;1424191283
48,9185992442527;24,742500409507;1424191284
48,9185634535262;24,7424970567457;1424191285
48,9185213344627;24,7424957156412;1424191286
48,9183971146577;24,7424856573574;1424191287
48,9183267485806;24,7424420714609;1424191288
48,9182635490307;24,7424294147871;1424191289
48,9181654388541;24,7424182668559;1424191290
48,9181216853195;24,7423650417707;1424191291
48,9180454100006;24,7423363756619;1424191292
48,9179516165042;24,7423169296465;1424191293
48,9178672526487;24,742294382327;1424191294
48,9177842718073;24,7422696557126;1424191295
48,9176944597148;24,7422144189707;1424191296
48,9176085871169;24,7421850823096;1424191297
48,9175178111055;24,7421639599136;1424191298
48,9174450980955;24,7421953920505;1424191299
48,9173574652978;24,7421508003257;1424191300
48,9172820700788;24,7421321086816;1424191301
48,9171850495496;24,7421262413494;1424191302
48,9171021106177;24,7421290911965;1424191303
48,9170119213396;24,7421128303043;1424191304
48,9169244980895;24,7420534026108;1424191305
48,9168381225773;24,7420192044459;1424191306
48,9167602127873;24,7419476229928;1424191307
48,9166871645012;24,7418568469814;1424191308
48,9166099252635;24,7418148536466;1424191309
48,9165362902441;24,7417482175163;1424191310
48,9164768625506;24,7416657395891;1424191311
48,9164288342455;24,7415060643337;1424191312
48,9163432550141;24,7414027992866;1424191313
48,9162736013987;24,7412951756499;1424191314
48,9161997987413;24,7411852050803;1424191315
48,9161277981931;24,7410953510783;1424191316
48,9160476252892;24,7410003002963;1424191317
48,9159957832181;24,7409024834863;1424191318
48,9159245370411;24,7408031579337;1424191319
48,9158665342712;24,7407399583838;1424191320
48,9158151532048;24,7406486794583;1424191321
48,9157546358639;24,740565866255;1424191322
48,9156773128071;24,7404947877161;1424191323
48,9156430727326;24,740465534874;1424191324
48,9155944996038;24,7404005751244;1424191325
48,915612311148;24,740367634245;1424191326
48,9155819686585;24,7403097991131;1424191328
48,9155599661627;24,7403025068573;1424191329
48,9155405620569;24,7402590047798;1424191358
48,9155187271991;24,7402357869081;1424191359
48,9154990297266;24,7402081266276;1424191360
48,9154796675303;24,7401769459478;1424191361
48,9154616464385;24,7401269898049;1424191362
48,9154447569036;24,7400747705481;1424191363
48,9154252270692;24,7400115709982;1424191364
48,9154059486919;24,7399525623999;1424191365
48,9153844910198;24,7398877702884;1424191366
48,9153615665146;24,7398301027946;1424191367
48,9153361274385;24,7397794760994;1424191368
48,9153142506712;24,7397187073014;1424191369
48,9152949722939;24,7396501433335;1424191370
48,9152847463721;24,7395731136433;1424191371
48,9152784599447;24,739495748677;1424191372
48,9153256500595;24,7393299546323;1424191373
48,9153341157817;24,7392411064587;1424191374
48,9153605187767;24,7391460556767;1424191375
48,9153925795564;24,7390271164707;1424191376
48,9154253947073;24,7389341611646;1424191377
48,9154376741954;24,7387985419712;1424191378
48,9154483192125;24,738673567795;1424191379
48,9154744288408;24,7385607473783;1424191380
48,9154913183757;24,738449016609;1424191381
48,9155204454892;24,7383131459586;1424191382
48,9155652467617;24,738158416026;1424191383
48,9155520452642;24,738015588396;1424191384
48,9155797893637;24,7378617804728;1424191385
48,9156081621059;24,7377198748521;1424191386
48,9156225789794;24,7376052942357;1424191387
48,9156551426732;24,7374915518097;1424191388
48,9156955434465;24,7373731155179;1424191389
48,9157142350906;24,7372245881937;1424191390
48,9157390036144;24,7370859515152;1424191391
48,9157785661974;24,7369172238044;1424191392
48,9158097049677;24,7367711272321;1424191393
48,915846124337;24,7366346698485;1424191394
48,9158599125677;24,7364833764962;1424191395
48,915884555363;24,7363211028508;1424191396
48,9159171609664;24,736176095926;1424191397
48,9159497246602;24,7360173426799;1424191398
48,9159654826381;24,7358726710311;1424191399
48,9159744512745;24,7357438411794;1424191400
48,9159883233243;24,735616017156;1424191401
48,9160026563787;24,7354807332388;1424191402
48,9160143910431;24,7353129275374;1424191403
48,9160055900448;24,7351699322692;1424191404
48,9160269638979;24,735060967528;1424191405
48,9160349267059;24,7349676769457;1424191406
48,9160464937323;24,7348661720983;1424191407
48,9160715975323;24,7347846999995;1424191408
48,9160821587303;24,7347177285931;1424191409
48,9160935581186;24,734627455496;1424191410
48,9160909597286;24,734558891528;1424191411
48,9161025686645;24,7344435565404;1424191412
48,9161260379934;24,7343567200235;1424191413
48,9161430113473;24,734289329522;1424191414
48,9161612000772;24,7342039179287;1424191415
48,9161906624668;24,7341387905411;1424191416
48,916206923359;24,7340475954346;1424191417
48,9161979547226;24,7339894250266;1424191418
48,9161894051814;24,73390602509;1424191419
48,9162074681827;24,7338331025324;1424191420
48,9162171492809;24,7337679751448;1424191421
48,9162337873587;24,7337129060409;1424191422
48,9162422111713;24,7336492873959;1424191423
48,9162513474458;24,7336086351655;1424191425
48,9162215078705;24,7336030192904;1424191427
48,916197577537;24,7336371336363;1424191492
48,9162110304915;24,7335864231221;1424191495
48,9162166882762;24,73350956107;1424191497
48,9162301412308;24,7334524803094;1424191498
48,9162458153897;24,7333661467067;1424191499
48,9163042372548;24,7331468761198;1424191500
48,9163304307022;24,7330714389912;1424191501
48,9163411595383;24,7329866979501;1424191502
48,9163637906768;24,7329154517732;1424191503
48,916382649959;24,7328249272189;1424191504
48,916395893366;24,7327437903962;1424191505
48,916388098196;24,7326673474393;1424191506
48,9164136210912;24,7325651720397;1424191507
48,9164219191753;24,7324658464871;1424191508
48,9164184406855;24,732383703836;1424191509
48,9164121542581;24,7322698775909;1424191510
48,9164153812909;24,7321574762694;1424191511
48,916428959974;24,7320493497185;1424191512
48,9164325641924;24,7319695540003;1424191513
48,9164644992435;24,7318380419395;1424191514
48,9164807182261;24,73170988264;1424191515
48,9165088395112;24,7316196933619;1424191516
48,9164822688782;24,7315150033913;1424191517
48,916524178394;24,731392543786;1424191518
48,9165552333453;24,7312651388577;1424191519
48,9165911917099;24,7311524860791;1424191520
48,9166313829356;24,7310098260871;1424191521
48,9166789502361;24,7308254242174;1424191522
48,9167021261984;24,7306965105466;1424191523
48,9167258469843;24,7305929940424;1424191524
48,9167549740979;24,7304659243903;1424191525
48,9167744620227;24,7303548641733;1424191526
48,9167866576919;24,7302195802561;1424191527
48,9167967159757;24,7301594820104;1424191528
48,9168431098097;24,7300108708672;1424191529
48,9168658666768;24,7298884950809;1424191530
48,916866369591;24,7297720704458;1424191531
48,9168789005363;24,7296258900545;1424191532
48,9168945327857;24,7295133210949;1424191533
48,9169148589009;24,7293828986815;1424191534
48,9169268031129;24,7292451001934;1424191535
48,9169577742451;24,729132950329;1424191536
48,9170348458448;24,7288061399243;1424191538
48,9170418866434;24,7286752145968;1424191539
48,9170694211953;24,7284964286021;1424191540
48,9170826646024;24,7283764835677;1424191541
48,9171070140311;24,7282271180532;1424191542
48,9171285974317;24,7280738130442;1424191543
48,9171440620431;24,7279386967651;1424191544
48,9171606163018;24,7278047539524;1424191545
48,9171783021175;24,7277077753327;1424191546
48,9171915874341;24,727597553306;1424191547
48,917223019571;24,7274583298943;1424191548
48,9172447706097;24,7273132391504;1424191549
48,9172631269776;24,7271762788526;1424191550
48,9172805194267;24,7270322777561;1424191551
48,917294433386;24,7269308567277;1424191552
48,9173117001065;24,726833794289;1424191553
48,9174500853279;24,7260342445455;1424191559
48,9174500853279;24,7260342445455;1424191559
48,9174500853279;24,7260342445455;1424191559
48,9174500853279;24,7260342445455;1424191559
48,9174500853279;24,7260342445455;1424191559
48,9174500853279;24,7260342445455;1424191559
48,9174774103322;24,7259072587124;1424191560
48,9174826909312;24,7258119564734;1424191561
48,9174997061947;24,7257098648927;1424191562
48,9175163442724;24,7255998105041;1424191563
48,9175186492958;24,7255050111792;1424191564
48,9175246842661;24,7254361119352;1424191565
48,9175256062755;24,7253655363105;1424191566
48,9175554458507;24,7252590023211;1424191567
48,9175727963903;24,7251958865903;1424191568
48,9175581280598;24,7251222096614;1424191569
48,917576023423;24,7250250634036;1424191570
48,9176015044087;24,7249209601662;1424191571
48,9175761910611;24,7248325310878;1424191572
48,9175737603092;24,7247534897409;1424191573
48,9175948827052;24,7245973348848;1424191574
48,9175910689392;24,7245078999779;1424191575
48,9175990317472;24,7243624739579;1424191576
48,9176170528391;24,7242524195693;1424191577
48,9176572859743;24,7241463046751;1424191578
48,9176453417623;24,7240411956093;1424191579
48,9176307991603;24,7239650879286;1424191580
48,9176648296871;24,7238563746444;1424191581
48,9176856587165;24,7237516846738;1424191582
48,9177164622107;24,7236663568995;1424191583
48,9177327231028;24,7235485073409;1424191584
48,9177524205753;24,7234276402972;1424191585
48,9177720761382;24,7232961282364;1424191586
48,9177920669773;24,7231906838945;1424191587
48,9178026700848;24,7230917774371;1424191588
48,9178356947833;24,7229932900748;1424191589
48,9178366587022;24,7228983231119;1424191590
48,9178492315569;24,7228119056902;1424191591
48,9178564399936;24,7227546572915;1424191592
48,9178622235068;24,7226808965436;1424191594
48,9178932365486;24,7226485423974;1424191596
48,9178801188701;24,7225988377116;1424191598
48,9178809151509;24,7225633822612;1424191599
48,9178947872007;24,7225129232041;1424191600
48,9178717369669;24,7224824968956;1424191601
48,9178899256968;24,7224355582378;1424191602
48,9179034624704;24,72239121797;1424191603
48,9179190528103;24,7223490569971;1424191604
48,9179268898898;24,7223120928041;1424191605
48,9179332182267;24,7222592868141;1424191607
48,9179292368227;24,7222161200128;1424191609
48,9179271832564;24,7221732046685;1424191612
48,9179464616337;24,7221892141036;1424191619
48,917922112205;24,7221890464655;1424191624
48,9179460844481;24,7221940756074;1424191628
48,9179721521669;24,7221487295113;1424191631
48,9179858565786;24,7221124358705;1424191632
48,917997423605;24,7220749687634;1424191633
48,9180079428935;24,7220227495066;1424191634
48,9180191746437;24,7219641600034;1424191635
48,9180290652895;24,7219056543193;1424191636
48,9180378662878;24,7218478191874;1424191637
48,9180503553235;24,7217852063707;1424191638
48,9180607069739;24,7217255272201;1424191639
48,9180647302875;24,7216651775173;1424191640
48,9180681249582;24,7216154728315;1424191641
48,9180791471609;24,7215664386979;1424191642
48,9180894988113;24,7215114534131;1424191643
48,9180967910671;24,7214602399848;1424191644
48,9181021135756;24,721423946344;1424191645
48,9181114593976;24,7213902510933;1424191646
48,9181355573693;24,7213535383574;1424191648
48,9181181230107;24,7214121278606;1424191651
48,9181121718594;24,7214520257197;1424191654
48,9181214757719;24,7213871497891;1424191669
48,918136102193;24,7213133052222;1424191670
48,9181919675776;24,7211311664663;1424191671
48,9182054205322;24,7210020013384;1424191672
48,9182239864477;24,7208961379013;1424191673
48,9181987569192;24,7207774501524;1424191674
48,9182043727943;24,7206870932362;1424191675
48,9181940211439;24,7205645498119;1424191676
48,9181985473716;24,7204412520162;1424191677
48,918202235409;24,7203219775341;1424191678
48,9181785565325;24,7202046308897;1424191679
48,9181537880087;24,7201146092496;1424191680
48,9182066359081;24,719986282312;1424191681
48,9182091504791;24,7198800835989;1424191682
48,9182083541983;24,7197950911007;1424191683
48,9182252437332;24,7196920775107;1424191684
48,9182334160888;24,7195861302546;1424191685
48,9182363916644;24,7194852121405;1424191686
48,9182736073145;24,71934934149;1424191687
48,9183241921001;24,7192162368677;1424191688
48,9183537383088;24,7191039193652;1424191689
48,9183744835192;24,7189930267862;1424191690
48,918396569834;24,718910632678;1424191691
48,9184199553439;24,7188672982386;1424191692
48,9184499206477;24,7188161686293;1424191693
48,9184552850657;24,7187812999121;1424191694
48,9184646727973;24,7187320143215;1424191695
48,9184798021325;24,7186843212924;1424191696
48,9184564585322;24,718672754266;1424191697
48,9184795506754;24,7186455130807;1424191698
48,9184444305011;24,7186314314834;1424191699
48,9184496272811;24,7186760232083;1424191701
48,9184265351379;24,718691026815;1424191703
48,9184058737465;24,7187079582594;1424191725
48,9184405748257;24,7185641248009;1424191739
48,9184495434621;24,7184998356036;1424191740
48,9184623677739;24,7184177767716;1424191741
48,9184743119859;24,7183416690908;1424191742
48,9185480727338;24,7181691695235;1424191743
48,9185564965465;24,7180703468851;1424191744
48,9185717516103;24,7179762181125;1424191745
48,9186050696754;24,7178677562854;1424191746
48,9186110208267;24,7177710291228;1424191747
48,9186155051449;24,7176732961319;1424191748
48,9186684368634;24,7175875492624;1424191749
48,9186528465235;24,7175370063863;1424191750
48,9187161298924;24,7174634970955;1424191751
48,918692618654;24,7174023092023;1424191752
48,9187061135181;24,7173536941639;1424191754
48,9187019225666;24,7173155565045;1424191756
48,918677908414;24,7173267044357;1424191757
48,9186473563769;24,7173208371035;1424191758
48,9186178939873;24,7173293028257;1424191759
48,9186067041465;24,7173583042107;1424191761
48,9186064107799;24,7173986211649;1424191763
48,9186234679529;24,7174421232424;1424191765
48,9186468953722;24,717451678612;1424191768
48,9186489489385;24,7174160555235;1424191772
48,9186612284267;24,7173848748437;1424191777
48,9186725859055;24,717332823225;1424191782
48,9186765253999;24,7172655165426;1424191784
48,9186829375559;24,7172255348644;1424191785
48,918689768807;24,7171757463596;1424191786
48,9186964743295;24,7171263769499;1424191787
48,9187069517085;24,7170733195028;1424191788
48,9187166747161;24,7170187533132;1424191789
48,9187329775178;24,7169580683342;1424191790
48,9187490707719;24,7169023286781;1424191791
48,9187630685502;24,7168515343449;1424191792
48,9187821373799;24,7167957946888;1424191793
48,9188000746527;24,7167425696037;1424191794
48,91881675464;24,7166858241192;1424191795
48,9188371645742;24,7166320123009;1424191796
48,9188533416473;24,7165824752531;1424191797
48,9188593347081;24,7165392246328;1424191798
48,9188623102837;24,7164978180311;1424191799
48,9188673813352;24,7164471075169;1424191800
48,9188667946019;24,7164081316671;1424191801
48,9188626036504;24,7163518052778;1424191802
48,9188628131979;24,7163012624017;1424191803
48,9188654534974;24,7162420023463;1424191804
48,91886696224;24,7161814011864;1424191805
48,9188745478624;24,7161177825413;1424191806
48,918878906452;24,7160591092191;1424191807
48,9188900962928;24,7159911319844;1424191808
48,9188983105579;24,7159289382628;1424191809
48,9189007832193;24,7158643137894;1424191810
48,9189107576841;24,7158003598682;1424191811
48,9189220313438;24,7157445363931;1424191812
48,9189353585699;24,7156910598508;1424191813
48,9189522900143;24,715643869736;1424191814
48,9189610071936;24,7155845258615;1424191815
48,9189716941201;24,7155213263116;1424191816
48,9189880388313;24,7154559474669;1424191817
48,9189999411338;24,7153914906315;1424191818
48,9190060599231;24,7153272852532;1424191819
48,9190087840417;24,7152552008859;1424191820
48,9190312056326;24,7151300590716;1424191821
48,9189908048594;24,715062500932;1424191822
48,919017501221;24,7150140535317;1424191823
48,9190105861508;24,7149374429367;1424191824
48,9190237038293;24,7148597426943;1424191825
48,9190211473488;24,7147773485861;1424191826
48,9190265955859;24,714708365523;1424191827
48,9190007793241;24,7146637737981;1424191828
48,918951451824;24,7146473452679;1424191829
48,9189349394747;24,714581463509;1424191830
48,9189117216029;24,7145156655691;1424191831
48,9188753022337;24,7144035995237;1424191832
48,9188238792577;24,71432254652;1424191833
48,9188121445933;24,7142244782529;1424191834
48,9187717019105;24,714182568737;1424191835
48,9187315106848;24,7140762862048;1424191836
48,9186976477959;24,713939325907;1424191837
48,9186848234841;24,7138568479798;1424191838
48,9186630724454;24,713764982321;1424191839
48,9186255634287;24,7137055546275;1424191840
48,9186326042273;24,7135893814496;1424191841
48,9186238451385;24,7135136090449;1424191842
48,918633065232;24,713397519686;1424191843
48,9186496614003;24,7132339049361;1424191844
48,9187033893996;24,7131171450249;1424191845
48,9187011681953;24,7130630817494;1424191846
48,9187255595335;24,7129635885588;1424191848
48,9187155012497;24,7129024006656;1424191849
48,9187263977238;24,7128671128533;1424191850
48,9187136153215;24,7128123790256;1424191851
48,9186725439959;24,712755382084;1424191852
48,9186437521585;24,7126527037702;1424191853
48,9186456380868;24,7125507798276;1424191854
48,918616008059;24,7124466765902;1424191855
48,9185689855823;24,712332598888;1424191856
48,9185280818948;24,7122778650603;1424191857
48,9185097255268;24,7122090496353;1424191858
48,9185375953549;24,7121039405695;1424191859
48,9185572090083;24,7119787149361;1424191860
48,9185780380377;24,7118739411465;1424191861
48,918582857632;24,7117646411291;1424191862
48,9185878867739;24,7116816602877;1424191863
48,9186350768888;24,711510669463;1424191864
48,9186630724454;24,7113965917609;1424191865
48,9186797524327;24,7112370003245;1424191866
48,9186785370567;24,7111084219298;1424191867
48,9186770283141;24,7109857108674;1424191868
48,9187140763262;24,7109011374644;1424191869
48,918787753255;24,7107832879058;1424191870
48,9187987754577;24,7107474971793;1424191871
48,9187883818978;24,7106897458664;1424191872
48,9187919022971;24,7106296476207;1424191873
48,9188136533358;24,7106077708534;1424191874
48,9188442891919;24,7105682082704;1424191876
48,9188516233572;24,7105312440774;1424191877
48,9188739611292;24,710490424209;1424191878
48,9189032977903;24,7104871552668;1424191879
48,9189231629008;24,7104363609335;1424191881
48,9189354423889;24,7104022465876;1424191882
48,918955517047;24,7103667911372;1424191883
48,918973873415;24,7103309165916;1424191884
48,918992397421;24,7102892585329;1424191885
48,9190071914801;24,7102362849048;1424191886
48,9190254221195;24,7101853229336;1424191887
48,9190410124594;24,7101303376488;1424191888
48,9190569799849;24,7100621089569;1424191889
48,9190706843966;24,7099921200655;1424191890
48,9190827962467;24,7099164314798;1424191891
48,9190907171452;24,7098502144448;1424191892
48,9191036252761;24,7097758669636;1424191893
48,9191120909983;24,7096974123499;1424191894
48,9191274717906;24,7096114140234;1424191895
48,9191493485579;24,7095346357904;1424191896
48,9191684592971;24,7094585281096;1424191897
48,9191931859114;24,7093902155987;1424191898
48,9192078123325;24,7093226574591;1424191899
48,9192228997582;24,7092598770044;1424191900
48,9192361431652;24,7092031315199;1424191901
48,9192481292867;24,709155857586;1424191902
48,9192622527936;24,7091075778238;1424191903
48,9192731911772;24,7090691887072;1424191904
48,9192845905655;24,7090330627046;1424191905
48,9193071797946;24,7089851182184;1424191907
48,9193314034947;24,7089555301002;1424191910
48,9193511428767;24,7089352458946;1424191913
48,9193787193381;24,7089026402912;1424191915
48,9193891128981;24,7088554501764;1424191917
48,9193842094847;24,7088049911193;1424191918
48,9193851314941;24,7087554540715;1424191919
48,9193923818403;24,7086976189396;1424191920
48,9193991292724;24,7086330782852;1424191921
48,9194115763986;24,7085697110972;1424191922
48,9194182400116;24,7085012309483;1424191923
48,9194292203047;24,7084255423627;1424191924
48,9194344589942;24,7083506081483;1424191925
48,9194459422016;24,7082776017717;1424191926
48,9194505103388;24,7082164138786;1424191927
48,919458892242;24,7081676312021;1424191928
48,9194637118363;24,7081237100295;1424191929
48,9194684895211;24,7080662101737;1424191931
48,9194622030937;24,708019355335;1424191933
48,9194532344573;24,7079773620001;1424191935
48,9194439724543;24,7079419065497;1424191938
48,9194607781702;24,707905612909;1424191941
48,9194767037862;24,7078804671994;1424191943
48,9194871811652;24,7078452632061;1424191946
48,9195141289839;24,7078411560736;1424191949
